countyID	fuelYearID	modelYearGroupID	sourceBinFuelTypeID	fuelSupplyFuelTypeID	usageFraction
99001	2019		1	1	
99001	2019		1	2	
99001	2019		1	3	
99001	2019		1	5	
99001	2019		1	9	
99001	2019		2	1	
99001	2019		2	2	
99001	2019		2	3	
99001	2019		2	5	
99001	2019		2	9	
99001	2019		3	1	
99001	2019		3	2	
99001	2019		3	3	
99001	2019		3	5	
99001	2019		3	9	
99001	2019		5	1	
99001	2019		5	2	
99001	2019		5	3	
99001	2019		5	5	
99001	2019		5	9	
99001	2019		9	1	
99001	2019		9	2	
99001	2019		9	3	
99001	2019		9	5	
99001	2019		9	9	
