sourceTypeID	yearID	ageID	ageFraction
11	2019	0	
11	2019	1	
11	2019	2	
11	2019	3	
11	2019	4	
11	2019	5	
11	2019	6	
11	2019	7	
11	2019	8	
11	2019	9	
11	2019	10	
11	2019	11	
11	2019	12	
11	2019	13	
11	2019	14	
11	2019	15	
11	2019	16	
11	2019	17	
11	2019	18	
11	2019	19	
11	2019	20	
11	2019	21	
11	2019	22	
11	2019	23	
11	2019	24	
11	2019	25	
11	2019	26	
11	2019	27	
11	2019	28	
11	2019	29	
11	2019	30	
21	2019	0	
21	2019	1	
21	2019	2	
21	2019	3	
21	2019	4	
21	2019	5	
21	2019	6	
21	2019	7	
21	2019	8	
21	2019	9	
21	2019	10	
21	2019	11	
21	2019	12	
21	2019	13	
21	2019	14	
21	2019	15	
21	2019	16	
21	2019	17	
21	2019	18	
21	2019	19	
21	2019	20	
21	2019	21	
21	2019	22	
21	2019	23	
21	2019	24	
21	2019	25	
21	2019	26	
21	2019	27	
21	2019	28	
21	2019	29	
21	2019	30	
31	2019	0	
31	2019	1	
31	2019	2	
31	2019	3	
31	2019	4	
31	2019	5	
31	2019	6	
31	2019	7	
31	2019	8	
31	2019	9	
31	2019	10	
31	2019	11	
31	2019	12	
31	2019	13	
31	2019	14	
31	2019	15	
31	2019	16	
31	2019	17	
31	2019	18	
31	2019	19	
31	2019	20	
31	2019	21	
31	2019	22	
31	2019	23	
31	2019	24	
31	2019	25	
31	2019	26	
31	2019	27	
31	2019	28	
31	2019	29	
31	2019	30	
32	2019	0	
32	2019	1	
32	2019	2	
32	2019	3	
32	2019	4	
32	2019	5	
32	2019	6	
32	2019	7	
32	2019	8	
32	2019	9	
32	2019	10	
32	2019	11	
32	2019	12	
32	2019	13	
32	2019	14	
32	2019	15	
32	2019	16	
32	2019	17	
32	2019	18	
32	2019	19	
32	2019	20	
32	2019	21	
32	2019	22	
32	2019	23	
32	2019	24	
32	2019	25	
32	2019	26	
32	2019	27	
32	2019	28	
32	2019	29	
32	2019	30	
41	2019	0	
41	2019	1	
41	2019	2	
41	2019	3	
41	2019	4	
41	2019	5	
41	2019	6	
41	2019	7	
41	2019	8	
41	2019	9	
41	2019	10	
41	2019	11	
41	2019	12	
41	2019	13	
41	2019	14	
41	2019	15	
41	2019	16	
41	2019	17	
41	2019	18	
41	2019	19	
41	2019	20	
41	2019	21	
41	2019	22	
41	2019	23	
41	2019	24	
41	2019	25	
41	2019	26	
41	2019	27	
41	2019	28	
41	2019	29	
41	2019	30	
42	2019	0	
42	2019	1	
42	2019	2	
42	2019	3	
42	2019	4	
42	2019	5	
42	2019	6	
42	2019	7	
42	2019	8	
42	2019	9	
42	2019	10	
42	2019	11	
42	2019	12	
42	2019	13	
42	2019	14	
42	2019	15	
42	2019	16	
42	2019	17	
42	2019	18	
42	2019	19	
42	2019	20	
42	2019	21	
42	2019	22	
42	2019	23	
42	2019	24	
42	2019	25	
42	2019	26	
42	2019	27	
42	2019	28	
42	2019	29	
42	2019	30	
43	2019	0	
43	2019	1	
43	2019	2	
43	2019	3	
43	2019	4	
43	2019	5	
43	2019	6	
43	2019	7	
43	2019	8	
43	2019	9	
43	2019	10	
43	2019	11	
43	2019	12	
43	2019	13	
43	2019	14	
43	2019	15	
43	2019	16	
43	2019	17	
43	2019	18	
43	2019	19	
43	2019	20	
43	2019	21	
43	2019	22	
43	2019	23	
43	2019	24	
43	2019	25	
43	2019	26	
43	2019	27	
43	2019	28	
43	2019	29	
43	2019	30	
51	2019	0	
51	2019	1	
51	2019	2	
51	2019	3	
51	2019	4	
51	2019	5	
51	2019	6	
51	2019	7	
51	2019	8	
51	2019	9	
51	2019	10	
51	2019	11	
51	2019	12	
51	2019	13	
51	2019	14	
51	2019	15	
51	2019	16	
51	2019	17	
51	2019	18	
51	2019	19	
51	2019	20	
51	2019	21	
51	2019	22	
51	2019	23	
51	2019	24	
51	2019	25	
51	2019	26	
51	2019	27	
51	2019	28	
51	2019	29	
51	2019	30	
52	2019	0	
52	2019	1	
52	2019	2	
52	2019	3	
52	2019	4	
52	2019	5	
52	2019	6	
52	2019	7	
52	2019	8	
52	2019	9	
52	2019	10	
52	2019	11	
52	2019	12	
52	2019	13	
52	2019	14	
52	2019	15	
52	2019	16	
52	2019	17	
52	2019	18	
52	2019	19	
52	2019	20	
52	2019	21	
52	2019	22	
52	2019	23	
52	2019	24	
52	2019	25	
52	2019	26	
52	2019	27	
52	2019	28	
52	2019	29	
52	2019	30	
53	2019	0	
53	2019	1	
53	2019	2	
53	2019	3	
53	2019	4	
53	2019	5	
53	2019	6	
53	2019	7	
53	2019	8	
53	2019	9	
53	2019	10	
53	2019	11	
53	2019	12	
53	2019	13	
53	2019	14	
53	2019	15	
53	2019	16	
53	2019	17	
53	2019	18	
53	2019	19	
53	2019	20	
53	2019	21	
53	2019	22	
53	2019	23	
53	2019	24	
53	2019	25	
53	2019	26	
53	2019	27	
53	2019	28	
53	2019	29	
53	2019	30	
54	2019	0	
54	2019	1	
54	2019	2	
54	2019	3	
54	2019	4	
54	2019	5	
54	2019	6	
54	2019	7	
54	2019	8	
54	2019	9	
54	2019	10	
54	2019	11	
54	2019	12	
54	2019	13	
54	2019	14	
54	2019	15	
54	2019	16	
54	2019	17	
54	2019	18	
54	2019	19	
54	2019	20	
54	2019	21	
54	2019	22	
54	2019	23	
54	2019	24	
54	2019	25	
54	2019	26	
54	2019	27	
54	2019	28	
54	2019	29	
54	2019	30	
61	2019	0	
61	2019	1	
61	2019	2	
61	2019	3	
61	2019	4	
61	2019	5	
61	2019	6	
61	2019	7	
61	2019	8	
61	2019	9	
61	2019	10	
61	2019	11	
61	2019	12	
61	2019	13	
61	2019	14	
61	2019	15	
61	2019	16	
61	2019	17	
61	2019	18	
61	2019	19	
61	2019	20	
61	2019	21	
61	2019	22	
61	2019	23	
61	2019	24	
61	2019	25	
61	2019	26	
61	2019	27	
61	2019	28	
61	2019	29	
61	2019	30	
62	2019	0	
62	2019	1	
62	2019	2	
62	2019	3	
62	2019	4	
62	2019	5	
62	2019	6	
62	2019	7	
62	2019	8	
62	2019	9	
62	2019	10	
62	2019	11	
62	2019	12	
62	2019	13	
62	2019	14	
62	2019	15	
62	2019	16	
62	2019	17	
62	2019	18	
62	2019	19	
62	2019	20	
62	2019	21	
62	2019	22	
62	2019	23	
62	2019	24	
62	2019	25	
62	2019	26	
62	2019	27	
62	2019	28	
62	2019	29	
62	2019	30	
